DecimalTemperature:
	DB 255, 255, 255, 255, 255, 255, 255, 255, 255, 255, 255, 255, 255, 255, 255, 255, 255, 255, 255, 255, 255, 255, 255, 255, 255, 255, 255, 255, 255, 255, 255, 255, 255, 255, 255, 255, 255, 255, 255, 255, 255, 254, 253, 253, 253, 252, 251, 251, 251, 250, 249, 249, 249, 248, 247, 247, 247, 246, 245, 245, 245, 244, 243, 243, 243, 243, 242, 241, 241, 241, 240, 239, 239, 239, 238, 237, 237, 237, 236, 235, 235, 235, 234, 233, 233, 233, 232, 231, 231, 231, 230, 229, 229, 229, 228, 227, 227, 227, 226, 226
	DB 225, 225, 224, 224, 223, 223, 222, 222, 221, 221, 220, 220, 219, 219, 218, 218, 217, 217, 216, 216, 215, 215, 214, 214, 213, 213, 212, 212, 211, 211, 211, 210, 210, 209, 209, 208, 208, 207, 207, 206, 206, 205, 205, 204, 204, 203, 203, 202, 202, 201, 201, 200, 200, 199, 199, 198, 198, 197, 197, 196, 196, 196, 195, 194, 194, 194, 193, 192, 192, 192, 191, 190, 190, 190, 189, 188, 188, 188, 187, 186, 186, 186, 185, 184, 184, 184, 183, 182, 182, 182, 181, 180, 180, 180, 180, 179, 178, 178, 178, 177
	DB 176, 176, 176, 175, 174, 174, 174, 173, 172, 172, 172, 171, 170, 170, 170, 169, 168, 168, 168, 167, 166, 166, 166, 165, 164, 164, 164, 164, 162, 162, 162, 162, 160, 160, 160, 160, 158, 158, 158, 158, 156, 156, 156, 156, 154, 154, 154, 154, 152, 152, 152, 152, 150, 150, 150, 150, 148, 148, 148, 148, 148, 146, 146, 146, 146, 144, 144, 144, 144, 142, 142, 142, 142, 140, 140, 140, 140, 138, 138, 138, 138, 136, 136, 136, 136, 134, 134, 134, 134, 133, 132, 132, 132, 131, 130, 130, 130, 129, 128, 128
	DB 128, 127, 126, 126, 126, 125, 124, 124, 124, 123, 122, 122, 122, 121, 120, 120, 120, 119, 118, 118, 118, 118, 117, 116, 116, 116, 115, 114, 114, 114, 113, 112, 112, 112, 111, 110, 110, 110, 109, 108, 108, 108, 107, 106, 106, 106, 105, 104, 104, 104, 103, 102, 102, 102, 101, 101, 100, 100, 99, 99, 98, 98, 97, 97, 96, 96, 95, 95, 94, 94, 93, 93, 92, 92, 91, 91, 90, 90, 89, 89, 88, 88, 87, 87, 86, 86, 86, 85, 85, 84, 84, 83, 83, 82, 82, 81, 81, 80, 80, 79
	DB 79, 78, 78, 77, 77, 76, 76, 75, 75, 74, 74, 73, 73, 72, 72, 71, 71, 71, 70, 69, 69, 69, 68, 67, 67, 67, 66, 65, 65, 65, 64, 63, 63, 63, 62, 61, 61, 61, 60, 59, 59, 59, 58, 57, 57, 57, 56, 55, 55, 55, 55, 54, 53, 53, 53, 52, 51, 51, 51, 50, 49, 49, 49, 48, 47, 47, 47, 46, 45, 45, 45, 44, 43, 43, 43, 42, 41, 41, 41, 40, 39, 39, 39, 39, 37, 37, 37, 37, 35, 35, 35, 35, 33, 33, 33, 33, 31, 31, 31, 31
	DB 29, 29, 29, 29, 27, 27, 27, 27, 25, 25, 25, 25, 23, 23, 23, 23, 23, 21, 21, 21, 21, 19, 19, 19, 19, 17, 17, 17, 17, 15, 15, 15, 15, 13, 13, 13, 13, 11, 11, 11, 11, 9, 9, 9, 9, 8, 7, 7, 7, 6, 5, 5, 5, 4, 3, 3, 3, 2, 1, 1, 1, 0, 1, 1, 1, 2, 3, 3, 3, 4, 5, 5, 5, 6, 7, 7, 7, 7, 8, 9, 9, 9, 10, 11, 11, 11, 12, 13, 13, 13, 14, 15, 15, 15, 16, 17, 17, 17, 18, 19
	DB 19, 19, 20, 21, 21, 21, 22, 23, 23, 23, 24, 24, 25, 25, 26, 26, 27, 27, 28, 28, 29, 29, 30, 30, 31, 31, 32, 32, 33, 33, 34, 34, 35, 35, 36, 36, 37, 37, 38, 38, 39, 39, 39, 40, 40, 41, 41, 42, 42, 43, 43, 44, 44, 45, 45, 46, 46, 47, 47, 48, 48, 49, 49, 50, 50, 51, 51, 52, 52, 53, 53, 54, 54, 54, 55, 56, 56, 56, 57, 58, 58, 58, 59, 60, 60, 60, 61, 62, 62, 62, 63, 64, 64, 64, 65, 66, 66, 66, 67, 68
	DB 68, 68, 69, 70, 70, 70, 70, 71, 72, 72, 72, 73, 74, 74, 74, 75, 76, 76, 76, 77, 78, 78, 78, 79, 80, 80, 80, 81, 82, 82, 82, 83, 84, 84, 84, 85, 86, 86, 86, 86, 88, 88, 88, 88, 90, 90, 90, 90, 92, 92, 92, 92, 94, 94, 94, 94, 96, 96, 96, 96, 98, 98, 98, 98, 100, 100, 100, 100, 102, 102, 102, 102, 102, 104, 104, 104, 104, 106, 106, 106, 106, 108, 108, 108, 108, 110, 110, 110, 110, 112, 112, 112, 112, 114, 114, 114, 114, 116, 116, 116
	DB 116, 117, 118, 118, 118, 119, 120, 120, 120, 121, 122, 122, 122, 123, 124, 124, 124, 125, 126, 126, 126, 127, 128, 128, 128, 129, 130, 130, 130, 131, 132, 132, 132, 132, 133, 134, 134, 134, 135, 136, 136, 136, 137, 138, 138, 138, 139, 140, 140, 140, 141, 142, 142, 142, 143, 144, 144, 144, 145, 146, 146, 146, 147, 148, 148, 148, 149, 149, 150, 150, 151, 151, 152, 152, 153, 153, 154, 154, 155, 155, 156, 156, 157, 157, 158, 158, 159, 159, 160, 160, 161, 161, 162, 162, 163, 163, 164, 164, 164, 165
	DB 165, 166, 166, 167, 167, 168, 168, 169, 169, 170, 170, 171, 171, 172, 172, 173, 173, 174, 174, 175, 175, 176, 176, 177, 177, 178, 178, 179, 179, 179, 180, 181, 181, 181, 182, 183, 183, 183, 184, 185, 185, 185, 186, 187, 187, 187, 188, 189, 189, 189, 190, 191, 191, 191, 192, 193, 193, 193, 194, 195, 195, 195, 195, 196, 197, 197, 197, 198, 199, 199, 199, 200, 201, 201, 201, 202, 203, 203, 203, 204, 205, 205, 205, 206, 207, 207, 207, 208, 209, 209, 209, 210, 211, 211, 211, 211, 213, 213, 213, 213
	DB 215, 215, 215, 215, 217, 217, 217, 217, 219, 219, 219, 219, 221, 221, 221, 221, 223, 223, 223, 223, 225, 225, 225, 225

**If the LUT index is STRICTLY greater than 560, the temperature reading is positive
**Otherwise, the temperature reading is negative